252117899773818583001773546684759435645882604525210728655696870631822238149742296521907189318393132532619408065750216229528886536297510892299864465163334246446365448580031640513641045284279177997256395381966923033554285450720078899369334912688409653255750164544764992336404923032460780529330028527998417354245
249405198627628177013480437334389771362086723572848169075241302417184843843362171432832302663733594656057742453799065920005089233887898006111186691704329724036108818882451078884966389262481758654864488225404466360426827916899044367220415986290555252726436392332940232507093846055671835235813924912808002019021

15753405318922031879369476441129170344595886190006508762332038292292469352136400262450372937464214735145999043618629045609840768749014890397361946964673972737303049073133379120207095388577162823219316164915032709028787964740857602397599727938403630915624448867181102127668256585384459802120744853246469437975
250723222497155409011891714385396220749560248442927918998739985334522618438940160368824138481716848328116106223673632741588142084477511228946074568002622847616060204431898114775479375531622542802459848879356522128129910095195887273059060597791512691787797584607541302625365364338500998819308130089484716039591

67804636527663950275375560615118036714687883946724610886257331453651958933438405978623354604786083998871356498027507671179609795114382326299232851140663115370956110228649370972758066696973492523755705731334865464707636009697393918827695643537454044463765075153563498777362426514314597383113868350713769666413
114680568458276403883977155683436140078650369311905841142514613426963663445020758406498814078051277851973786660832337920713147627246488630764618223045308323508405220238960176402097564121517671184683183095405528305646320760509815926261361209991818268866923659528886527634347078447214078905162070607944148482661

259081615297548498341567853621793365324122709006504020915124487397604652365777167521821675864911007602196606119756823036822064134756744158903794977976993543305149009037510254034093634899782927179942284949839238428586084115675953108959382142604660705909282647407397000736838431817612343422745962706636404793683
205998262498709771874405238147910723521351577884606758191692317843684718543011508395052832158316930390236765364548402550239160178543021231883058265279059630720089446084937714792364720749302878973858624473931089627874462457705985772337168442882289801638746401119946645881747767387737501437486452288812221549275

127059654571931502660281131127661122149962866473449690365567786554829460225029234418053382543073418383480210024186444745510712230793167713398124266392874784995681941585679266943909091711664664334490040890294263733239715367261172098316343622511603578669102672624962577143666610106072964694092324483903649655721
38752775964566554823148334945004035447975188843896241377679394245771264404070139917573864792723849749479969856222917651407473745865308253511346501448856172910320179473562114628649851306749404612218972460835799444504079546380146774684390262059525547050596507267599132278081422146712360074632709484634225322137

142979481176684800412097399259040800413552453003253131196389067077275643918386409965665030014861916512883982809812461582511501122812939848545100807249920635231662873900946140520408987359840484027250008765240888538242430619519122040911452930023811088142626418624470053500435895073699708016277478980750289316803
95946914853769379490410705155010479616189254784319012550307767339509809695822655214902100469533428255513947609958806315780139326049180083777552746515627918190186297700663242267861903565646420457741957196767921199186602239377547197928858864571911364159439536070754916527776173761825893460206112932025621355755

47531627252757317514206967347125134508536772381662227834606381942654511981661892017910378181772259962216067540917050994982681197051448915225646132215572061999710673957849315903940899631777093891117893957579602600206598230235977502685423386544345723064379497977568849552717736537555124898093558478308130163873
59702881043679817118850816907754844284644856535527858519724823596551360692899266778203532997117204082857777655001083775577727673267892691165203511478499564526111843322757017437281627038760353380283736153438264132395649987268243090758974464913854816419593184958370226904912364010470919626745730257094679910241

183229027929056283047207302480004991973701562445129160247785648110161753832410682458826266525968969037719397091023628032645623756972398075021366665131463028929570096722875184070984091942162919613116125436264053084423339119012395332821785549845105034438643553015699725795444303588623598822241208584465713339049
176762268561121367896671517371439872917151947519848055391473361159906437486151456952990890196527108075187662163772188024963719835213207185936384431278449768580011023223484278022956051622751983492296529196092996760868312616102571002901204455862374830610014650021710269133983220824589498279706170366548813752729

234810605236081402254059109067927660858003181361897315794658540121826017065962934541522366344353375303915255125293749574391863327600638206224152388214992485914916885063033247639392067933046437409259155532880883941902494213520550236946235896915824031800435651543949793659366584965322211923534100859821302394517
47086736258744039383481376571455763870348398182350694481862128529324910937521515911234948628082563068891781658612243417833399079322832264722600045977493080969138383654487953844045444855821581807531924230496621282432444711193724486201288107545384824248234153122171491468092597564503808555583358193406395657405

109185112715712814566613410186234511281125933019604427553571357758059435126275401100643922840444641862356379789193277746853490568665800516584394067252753834248376173808461215373479228323860131586860684147127441143033935923131159918266330129271302428191567705793341277708112678585407360168236416970172492129981
167975094711153706491428479451938868490624112322183340621612157389604208339899778530962349545651875138693559069629308899790729717159784667035172987681264140297671862546563458609675633376864049734637497839088621167141980871459206186861123481669132879145886942784108185567543601557957552360653788995066524271765

